121.5398345 25.17289624
121.5398372 25.17289766
121.5398489 25.17289973
121.5398485 25.17289782
121.539849 25.17290631
121.5398455 25.17290882
121.5398416 25.17290865
121.539845 25.17290803
121.5398472 25.1729057
121.5398506 25.17290834
121.5398491 25.17290505
121.5398488 25.17290204
121.5398506 25.17290408
121.539847 25.17290507
121.5398444 25.17290192
121.5398449 25.17290343
121.539846 25.17290128
121.5398435 25.17290354
121.5398434 25.1729042
121.5398417 25.17290324
121.5398419 25.17290259
121.5398434 25.17290125
121.5398443 25.17290066
121.5398465 25.17289872
121.5398481 25.17290112
121.539848 25.17290263
121.539846 25.17290219
121.5398466 25.17290327
121.5398462 25.17290466
121.539847 25.17290606
121.5398486 25.17290398
121.5398494 25.17290308
121.5398478 25.1729049
121.5398455 25.17290395
121.5398465 25.17290307
121.5398455 25.17290108
121.539846 25.17290149
121.539847 25.17290276
121.5398489 25.17290417
121.5398478 25.17290388
121.5398463 25.17290503
121.5398482 25.17290526
121.5398487 25.17290455
121.5398494 25.17290357
121.5398494 25.17290262
121.5398467 25.17290135
121.5398467 25.17290291
121.5398493 25.17290432
121.5398487 25.17290592
121.5398487 25.17290456
121.5398499 25.17290584
121.5398519 25.17290661
121.5398529 25.17290911
121.5398543 25.1729126
121.5398562 25.17291355
121.5398577 25.17291624
121.5398608 25.17291678
121.5398656 25.1729186
121.5398703 25.17291947
121.5398713 25.17292127
121.5398762 25.17292259
121.5398794 25.17292462
121.5398823 25.17292891
121.5398844 25.1729301
121.5398896 25.17293317
121.5398923 25.17293843
121.5398941 25.17294021
121.5398955 25.1729421
121.5399009 25.17294623
121.5399023 25.17294761
121.5399057 25.17295255
121.5399087 25.17295425
121.5399116 25.1729562
121.5399171 25.17296103
121.5399207 25.17296625
121.539924 25.17296736
121.5399296 25.17296877
121.5399309 25.17297375
121.5399357 25.17297549
121.5399405 25.17298038
121.5399454 25.17298256
121.5399471 25.17298565
121.5399486 25.17298963
121.5399533 25.17299376
121.5399587 25.17299517
121.5399628 25.17300089
121.5399674 25.17300556
121.539972 25.17300842
121.5399777 25.17300963
121.5399826 25.17301138
121.5399845 25.17301711
121.5399871 25.17302229
121.5399901 25.1730264
121.539994 25.17303112
121.5399982 25.17303306
121.5400035 25.17303726
121.5400068 25.17304081
121.540012 25.17304271
121.5400146 25.1730448
121.5400185 25.1730465
121.5400225 25.17305003
121.5400263 25.17305339
121.5400292 25.17305908
121.5400321 25.17306064
121.540035 25.1730646
121.5400398 25.17306788
121.5400457 25.17307332
121.540048 25.17307837
121.5400528 25.17308243
121.5400574 25.17308522
121.5400643 25.17308974
121.5400696 25.17309395
121.5400739 25.17309803
121.5400797 25.17310036
121.5400841 25.1731018
121.5400895 25.17310775
121.5400918 25.17311004
121.5400944 25.17311439
121.5400995 25.17311827
121.540102 25.1731214
121.5401045 25.17312345
121.5401085 25.17312756
121.540111 25.1731299
121.5401155 25.17313434
121.5401184 25.17313857
121.5401245 25.17314252
121.5401314 25.17314821
121.5401352 25.1731503
121.5401388 25.17315384
121.5401432 25.17315627
121.5401501 25.17315979
121.5401559 25.17316593
121.5401593 25.17317211
121.5401652 25.17317764
121.5401696 25.17318359
121.5401742 25.1731886
121.5401792 25.17319342
121.5401827 25.1731983
121.5401883 25.17320133
121.5401949 25.1732054
121.5402003 25.17320968
121.5402071 25.17321444
121.5402119 25.17321758
121.5402151 25.17321964
121.540222 25.17322287
121.5402262 25.17322849
121.5402293 25.17323194
121.5402346 25.17323528
121.5402386 25.17323937
121.5402438 25.17324221
121.5402488 25.1732482
121.5402562 25.17325442
121.5402596 25.17325669
121.5402635 25.17326063
121.5402681 25.17326562
121.5402742 25.17326878
121.540278 25.17327268
121.5402843 25.17327808
121.5402903 25.17328025
121.5402977 25.17328449
121.5403019 25.17328785
121.5403072 25.17329408
121.5403121 25.17329771
121.5403164 25.17330354
121.54032 25.17330782
121.5403276 25.1733138
121.5403329 25.17331932
121.5403369 25.1733241
121.5403445 25.17332895
121.5403495 25.17333448
121.5403532 25.1733364
121.5403605 25.17334142
121.5403641 25.17334515
121.5403682 25.17334956
121.5403721 25.17335406
121.5403774 25.17335875
121.5403822 25.17336248
121.5403866 25.17336868
121.540394 25.17337152
121.5403997 25.1733757
121.5404049 25.17337988
121.5404111 25.17338655
121.5404182 25.17338906
121.5404256 25.17339355
121.5404314 25.17339933
121.5404352 25.17340285
121.5404412 25.17340937
121.5404479 25.17341577
121.5404517 25.17342195
121.5404583 25.17342676
121.540463 25.17342972
121.5404678 25.17343466
121.5404729 25.17343686
121.540479 25.17344107
121.5404847 25.17344499
121.540489 25.17344769
121.5404955 25.17345036
121.5405004 25.17345488
121.5405044 25.17345909
121.54051 25.17346418
121.540515 25.17346854
121.5405199 25.17347452
121.540526 25.1734794
121.540532 25.17348343
121.5405374 25.17348564
121.5405401 25.17348788
121.5405442 25.17349215
121.5405483 25.17349524
121.5405507 25.17349988
121.5405547 25.1735034
121.5405595 25.17350851
121.5405657 25.17351098
121.5405698 25.17351701
121.5405752 25.17352293
121.5405812 25.17352625
121.5405864 25.17352888
121.5405919 25.17353429
121.540597 25.17353917
121.5406021 25.1735428
121.5406043 25.17354776
121.5406103 25.17355207
121.5406145 25.17355606
121.5406184 25.17356055
121.5406208 25.1735664
121.5406263 25.17357064
121.5406308 25.17357328
121.5406361 25.17357516
121.5406414 25.17357987
121.5406446 25.17358329
121.5406511 25.17358538
121.5406577 25.17358877
121.5406637 25.17359382
121.540668 25.17359795
121.5406706 25.1736027
121.5406748 25.1736081
121.5406817 25.17361194
121.5406849 25.17361578
121.5406894 25.17361969
121.5406933 25.17362238
121.5406983 25.17362754
121.540705 25.17363191
121.5407096 25.17363493
121.5407144 25.17363908
121.5407206 25.17364473
121.5407248 25.1736497
121.5407284 25.17365596
121.5407356 25.1736605
121.5407389 25.17366686
121.5407445 25.17366897
121.54075 25.17367312
121.5407528 25.1736757
121.5407558 25.1736823
121.5407625 25.17368669
121.5407688 25.17369172
121.5407732 25.17369416
121.5407781 25.17369837
121.5407841 25.1737007
121.5407899 25.17370492
121.5407935 25.17371119
121.5408003 25.17371528
121.5408063 25.17372119
121.5408126 25.17372747
121.5408155 25.17373153
121.5408186 25.1737337
121.5408248 25.1737392
121.5408303 25.17374169
121.5408339 25.17374649
121.5408377 25.1737512
121.5408409 25.17375697
121.5408456 25.17376027
121.5408527 25.17376235
121.54086 25.17376488
121.5408645 25.17376827
121.5408685 25.1737748
121.5408746 25.17377943
121.5408786 25.17378502
121.5408849 25.173787
121.5408911 25.17379305
121.5408956 25.17379896
121.5408995 25.17380256
121.5409032 25.17380545
121.5409062 25.17380926
121.5409103 25.17381299
121.540918 25.17381881
121.5409222 25.17382156
121.540929 25.1738253
121.5409326 25.17383074
121.5409375 25.17383625
121.5409433 25.17384101
121.5409471 25.17384591
121.540954 25.17385056
121.5409577 25.17385355
121.5409652 25.17385607
121.5409692 25.17386106
121.5409732 25.173867
121.5409767 25.17386938
121.5409809 25.17387127
121.5409871 25.17387423
121.5409934 25.17387739
121.541 25.17388081
121.5410059 25.17388645
121.541012 25.17389196
121.5410176 25.17389668
121.5410228 25.17390047
121.5410256 25.17390495
121.5410309 25.17390878
121.5410346 25.17391171
121.5410388 25.17391821
121.5410448 25.17392252
121.5410486 25.17392595
121.5410548 25.17393121
121.54106 25.1739376
121.5410651 25.17394342
121.5410704 25.17394804
121.5410744 25.17395056
121.5410803 25.17395317
121.5410836 25.17395526
121.5410875 25.17395864
121.5410926 25.17396145
121.5410992 25.17396554
121.5411055 25.17397051
121.5411104 25.17397712
121.5411161 25.17398031
121.5411199 25.17398261
121.541123 25.17398512
121.541128 25.17399159
121.5411319 25.17399778
121.5411372 25.17400381
121.5411426 25.17400827
121.541147 25.17401061
121.5411507 25.1740145
121.5411549 25.17401973
121.5411592 25.17402532
121.5411638 25.17402909
121.5411685 25.17403268
121.5411729 25.174036
121.5411768 25.17404058
121.5411799 25.17404319
121.5411844 25.17404522
121.5411889 25.17404941
121.5411947 25.17405253
121.5412005 25.1740577
121.5412053 25.17406327
121.541211 25.17406434
121.5412165 25.17406703
121.5412229 25.17407051
121.5412268 25.17407593
121.5412332 25.17408134
121.5412362 25.17408354
121.5412399 25.17408801
121.5412438 25.17409279
121.5412486 25.1740958
121.5412521 25.17410011
121.5412566 25.17410295
121.5412627 25.17410638
121.541265 25.17410991
121.5412697 25.17411152
121.541273 25.17411473
121.5412771 25.17411962
121.5412813 25.17412219
121.5412868 25.17412508
121.5412885 25.17412752
121.5412917 25.17413258
121.5412966 25.17413682
121.5413009 25.17414107
121.5413069 25.17414384
121.5413101 25.17414624
121.5413162 25.17414861
121.5413188 25.17415228
121.5413241 25.17415623
121.5413285 25.1741585
121.541332 25.17416428
121.541337 25.17416751
121.5413384 25.17416908
121.5413406 25.17417146
121.5413453 25.1741757
121.5413499 25.17418169
121.5413536 25.17418406
121.5413575 25.17418706
121.5413619 25.17418996
121.5413672 25.17419313
121.5413709 25.17419552
121.5413727 25.17419877
121.5413765 25.17420226
121.5413777 25.17420696
121.5413783 25.17421145
121.5413812 25.17421344
121.5413821 25.17421686
121.5413836 25.17421928
121.5413883 25.17422396
121.5413922 25.17422836
121.5413956 25.17423185
121.5413974 25.17423524
121.5413972 25.17423956
121.5413996 25.17424483
121.5414015 25.1742483
121.5414013 25.1742508
121.5414032 25.17425737
121.5414042 25.17425989
121.5414043 25.17426296
121.5414051 25.17426892
121.5414068 25.17427197
121.5414083 25.17427428
121.5414098 25.17428034
121.5414102 25.17428265
121.5414093 25.17428441
121.5414107 25.1742904
121.5414097 25.17429527
121.5414101 25.17429749
121.5414085 25.17429928
121.5414055 25.17430186
121.5414031 25.17430536
121.5414025 25.17430791
121.5414029 25.17431067
121.5414005 25.17431457
121.5413972 25.17432017
121.5413943 25.17432499
121.5413918 25.17432869
121.5413919 25.17433168
121.5413896 25.17433552
121.5413863 25.17433971
121.5413849 25.17434336
121.5413833 25.17434634
121.5413819 25.17434688
121.54138 25.17435087
121.5413766 25.17435131
121.5413738 25.17435231
121.5413733 25.17435296
121.5413721 25.17435564
121.54137 25.17435914
121.5413681 25.17436125
121.5413648 25.17436173
121.5413601 25.1743631
121.5413595 25.17436348
121.5413565 25.17436215
121.5413511 25.17436132
121.5413495 25.17436349
121.5413439 25.17436369
121.5413399 25.17436559
121.5413365 25.17436679
121.5413333 25.17436497
121.5413306 25.17436459
121.5413275 25.1743655
121.5413236 25.17436416
121.5413174 25.17436392
121.5413115 25.17435984
121.5413098 25.17435663
121.5413042 25.17435674
121.5412995 25.17435556
121.5412959 25.17435462
121.5412923 25.1743497
121.5412864 25.17434721
121.5412826 25.17434401
121.5412806 25.17434339
121.5412756 25.17433901
121.5412728 25.17433484
121.5412704 25.17433238
121.5412647 25.17433112
121.5412591 25.17432807
121.5412546 25.17432307
121.5412518 25.17432124
121.5412492 25.17431916
121.5412436 25.17431661
121.5412402 25.17431103
121.5412365 25.17430931
121.5412318 25.1743038
121.5412263 25.17430255
121.5412223 25.17429767
121.541216 25.17429395
121.5412103 25.17429106
121.5412045 25.17428839
121.5412007 25.17428622
121.5411944 25.17428271
121.5411891 25.17428013
121.5411859 25.17427411
121.5411815 25.17427079
121.541176 25.17426542
121.5411734 25.1742611
121.5411693 25.17425874
121.5411669 25.17425515
121.5411612 25.17425021
121.5411594 25.17424441
121.5411532 25.17424207
121.5411473 25.17423633
121.5411434 25.17423233
121.5411408 25.1742276
121.5411386 25.17422254
121.541133 25.1742199
121.541128 25.17421463
121.5411249 25.17421138
121.5411203 25.17420664
121.5411169 25.17420276
121.5411129 25.17419859
121.5411089 25.17419514
121.5411052 25.17419189
121.541098 25.17418562
121.5410921 25.17418312
121.5410862 25.17417854
121.5410821 25.17417477
121.541078 25.1741726
121.5410737 25.17416926
121.5410683 25.17416604
121.5410624 25.17416259
121.5410566 25.17415755
121.5410527 25.17415241
121.5410466 25.17414669
121.5410433 25.17414314
121.5410372 25.17413735
121.5410307 25.17413374
121.5410272 25.17412897
121.5410212 25.17412373
121.5410188 25.17411901
121.5410141 25.1741142
121.5410096 25.1741108
121.5410068 25.1741089
121.5409995 25.17410569
121.5409951 25.17410292
121.5409911 25.17409612
121.5409861 25.1740938
121.5409791 25.17408713
121.540974 25.17408235
121.5409694 25.17407657
121.5409658 25.17407377
121.5409588 25.17406722
121.5409533 25.1740632
121.5409507 25.17406096
121.5409456 25.17405498
121.54094 25.17405115
121.5409348 25.17404508
121.5409309 25.17404137
121.5409246 25.17403692
121.5409183 25.1740329
121.540913 25.17402849
121.5409103 25.17402419
121.5409073 25.17402057
121.5409011 25.17401858
121.5408941 25.17401524
121.5408877 25.17401129
121.5408831 25.17400477
121.540877 25.17399966
121.5408725 25.1739951
121.5408662 25.17399216
121.5408633 25.17398827
121.5408581 25.17398428
121.5408532 25.17397901
121.5408478 25.17397318
121.5408442 25.17396775
121.5408398 25.17396329
121.5408366 25.17396081
121.5408326 25.17395576
121.5408288 25.17395047
121.5408242 25.17394637
121.5408182 25.17394328
121.5408146 25.17393952
121.5408094 25.17393371
121.5408031 25.1739296
121.5407976 25.17392508
121.5407918 25.17391936
121.5407859 25.17391554
121.5407793 25.17391003
121.5407722 25.17390502
121.5407668 25.17390111
121.5407618 25.17389678
121.5407558 25.17389522
121.5407492 25.17389289
121.5407433 25.17388793
121.5407401 25.1738834
121.5407355 25.17388051
121.5407314 25.1738781
121.540728 25.17387248
121.5407217 25.17386818
121.5407174 25.17386361
121.5407117 25.1738577
121.5407055 25.17385271
121.5406987 25.17384819
121.5406934 25.1738444
121.5406872 25.17383769
121.5406836 25.17383182
121.5406784 25.17382592
121.5406712 25.17382114
121.5406653 25.17381634
121.5406612 25.17381115
121.5406559 25.17380561
121.5406495 25.1738032
121.5406467 25.17379788
121.5406399 25.17379551
121.5406361 25.17379244
121.5406327 25.17378979
121.5406257 25.1737838
121.5406207 25.1737781
121.5406134 25.17377369
121.5406073 25.1737699
121.5406012 25.17376515
121.540596 25.1737603
121.5405923 25.17375491
121.5405877 25.17375121
121.5405831 25.17374592
121.5405767 25.17373898
121.5405724 25.17373621
121.540567 25.1737332
121.5405589 25.17372824
121.5405511 25.17372518
121.5405441 25.17371927
121.54054 25.17371432
121.5405326 25.17371032
121.5405274 25.17370446
121.540524 25.17369712
121.5405173 25.17369228
121.5405106 25.17368564
121.5405036 25.17368117
121.5404994 25.17367843
121.540495 25.17367413
121.5404895 25.1736677
121.540483 25.17366301
121.5404786 25.1736595
121.5404726 25.1736535
121.5404658 25.17364769
121.5404592 25.17364495
121.5404537 25.173642
121.5404482 25.17363692
121.5404445 25.17363077
121.540441 25.17362559
121.5404349 25.17361853
121.540427 25.17361481
121.5404215 25.17361043
121.5404133 25.17360514
121.5404092 25.17359869
121.540404 25.17359232
121.5403998 25.173586
121.5403933 25.1735804
121.5403865 25.17357456
121.540381 25.1735714
121.540375 25.17356842
121.5403684 25.17356436
121.5403649 25.17355763
121.5403613 25.17355159
121.5403568 25.17354606
121.5403528 25.17354335
121.5403455 25.17353881
121.5403377 25.17353365
121.5403337 25.17353059
121.5403279 25.17352495
121.5403214 25.17352052
121.5403169 25.17351679
121.5403106 25.17351329
121.5403054 25.17350994
121.5402989 25.17350577
121.5402927 25.17350127
121.5402845 25.17349624
121.5402801 25.17349185
121.540275 25.17348642
121.5402668 25.17348149
121.5402584 25.17347487
121.5402516 25.17346926
121.5402439 25.173463
121.5402358 25.17345809
121.5402305 25.17345223
121.5402229 25.17344742
121.540218 25.17344314
121.5402142 25.17343747
121.5402087 25.17343075
121.5402039 25.17342553
121.5401992 25.17341985
121.5401942 25.17341608
121.540186 25.17341013
121.5401789 25.17340357
121.5401741 25.1733981
121.5401676 25.17339059
121.54016 25.17338628
121.5401529 25.17337946
121.5401495 25.17337496
121.5401426 25.17337081
121.5401366 25.17336655
121.5401315 25.17336255
121.5401245 25.17335803
121.5401169 25.17335485
121.5401125 25.17334838
121.5401082 25.17334428
121.5401036 25.17333667
121.5400958 25.17332964
121.5400905 25.17332276
121.5400866 25.17331992
121.5400825 25.17331374
121.5400759 25.17330999
121.5400696 25.17330378
121.5400647 25.17329789
121.5400601 25.1732941
121.5400539 25.17328813
121.5400482 25.17328305
121.5400416 25.17327991
121.5400349 25.17327661
121.5400268 25.17327288
121.5400226 25.17326618
121.5400159 25.17326137
121.5400085 25.17325673
121.5400023 25.17325101
121.5399969 25.1732454
121.5399914 25.1732387
121.5399833 25.17323353
121.5399774 25.17323
121.5399717 25.17322602
121.5399663 25.17322246
121.5399601 25.17321877
121.5399542 25.17321457
121.5399483 25.17320688
121.5399418 25.17319999
121.5399341 25.17319391
121.5399281 25.17318944
121.5399231 25.17318491
121.5399149 25.17318035
121.5399072 25.17317434
121.5399017 25.17316821
121.5398953 25.17316318
121.5398878 25.17315821
121.5398815 25.17315366
121.5398741 25.17314904
121.5398687 25.17314244
121.539864 25.17313825
121.5398595 25.17313134
121.5398548 25.17312436
121.5398515 25.17312054
121.5398471 25.17311748
121.5398414 25.17311022
121.5398358 25.17310492
121.5398308 25.1731015
121.539826 25.17309704
121.5398199 25.17309391
121.5398142 25.1730884
121.5398088 25.17308541
121.5398045 25.17308163
121.5397993 25.17307596
121.5397933 25.17307012
121.5397889 25.17306707
121.539783 25.17306048
121.5397792 25.17305509
121.5397748 25.17304948
121.5397723 25.17304756
121.5397665 25.17304196
121.5397618 25.1730407
121.5397584 25.17303898
121.5397557 25.17303735
121.5397536 25.17303403
121.5397502 25.17303187
121.5397476 25.17303087
121.5397435 25.17302717
121.5397383 25.17302276
121.5397328 25.17301946
121.5397309 25.17301493
121.5397259 25.17301183
121.5397228 25.17300774
121.5397168 25.17300442
121.5397151 25.17300212
121.5397103 25.17300183
121.5397078 25.1730016
121.5397029 25.17300171
121.5397013 25.17300106
121.5396975 25.17299859
121.5396919 25.17299808
121.5396878 25.17299711
121.5396851 25.17299501
121.5396811 25.17299291
121.5396757 25.17299182
121.5396733 25.17299093
121.5396681 25.17299037
121.5396645 25.17299134
121.5396605 25.17299118
121.5396564 25.17298794
121.5396544 25.17298795
121.5396506 25.17298574
121.5396469 25.17298735
121.5396421 25.17298802
121.5396398 25.17298729
121.5396371 25.17298653
121.5396332 25.17298706
121.5396291 25.17298883
121.539629 25.17298887
121.5396282 25.17298865
121.5396257 25.17299127
121.5396227 25.17299347
121.5396216 25.17299616
121.5396176 25.17299621
121.5396139 25.17300022
121.53961 25.17300125
121.5396069 25.17300251
121.5396054 25.17300636
121.5396037 25.1730105
121.5396042 25.1730154
121.5396027 25.173019
121.5396012 25.17302278
121.5396009 25.17302426
121.5395992 25.17302618
121.5395964 25.17302741
121.5395973 25.17303266
121.5395986 25.17303753
121.5395999 25.17304001
121.5396011 25.17304352
121.5396016 25.17304656
121.5395997 25.17305161
121.5395998 25.17305737
121.5395976 25.17305953
121.5395993 25.17306454
121.5396001 25.17306987
121.5396022 25.17307406
121.5396019 25.17307687
121.5396046 25.17308257
121.539606 25.17308507
121.5396067 25.17308966
121.5396095 25.17309493
121.5396111 25.17309826
121.5396147 25.17310415
121.5396161 25.17310902
121.5396181 25.1731118
121.5396211 25.17311576
121.5396248 25.1731202
121.5396262 25.17312595
121.5396272 25.17313033
121.539631 25.17313542
121.5396349 25.17314136
121.5396394 25.17314403
121.5396404 25.1731497
121.5396445 25.17315199
121.5396495 25.17315501
121.5396521 25.17315931
121.5396538 25.17316513
121.5396565 25.17316878
121.5396602 25.17317216
121.5396627 25.17317762
121.5396679 25.17318249
121.5396726 25.173185
121.5396784 25.17318991
121.5396843 25.17319408
121.5396899 25.1731993
121.5396948 25.17320413
121.5397008 25.17320677
121.5397065 25.17320849
121.5397105 25.1732123
121.5397125 25.1732156
121.5397159 25.17321815
121.5397195 25.17322248
121.5397246 25.1732279
121.5397272 25.17322988
121.5397298 25.17323165
121.539733 25.17323411
121.5397378 25.17323923
121.5397436 25.17324432
121.5397473 25.17324744
121.5397518 25.17325272
121.539759 25.17325672
121.5397643 25.17325824
121.5397698 25.1732632
121.5397762 25.17326686
121.53978 25.17327278
121.5397861 25.17327575
121.5397917 25.1732805
121.5397957 25.17328273
121.5397981 25.1732882
121.5398026 25.17329101
121.5398071 25.1732956
121.5398115 25.17329785
121.5398162 25.17330086
121.5398219 25.17330675
121.5398284 25.17330856
121.5398319 25.17331317
121.5398349 25.17331928
121.5398379 25.17332468
121.539841 25.17332875
121.5398483 25.17333127
121.5398529 25.17333317
121.5398568 25.17333775
121.539864 25.17334254
121.5398703 25.17334513
121.5398736 25.17334752
121.5398769 25.17335117
121.5398806 25.17335607
121.539885 25.17336
121.5398906 25.17336337
121.5398955 25.17336609
121.539901 25.17337214
121.5399057 25.17337495
121.5399103 25.17337883
121.5399149 25.17338493
121.5399206 25.17338905
121.5399253 25.17339287
121.539929 25.17339698
121.5399355 25.17340418
121.5399428 25.17340908
121.5399485 25.17341418
121.5399528 25.17341771
121.5399591 25.17342045
121.5399651 25.17342489
121.5399707 25.17342951
121.5399745 25.1734348
121.5399768 25.17343989
121.539981 25.17344495
121.5399864 25.17344875
121.5399923 25.17345428
121.5399976 25.17345669
121.5400035 25.17345999
121.5400074 25.173462
121.5400114 25.17346625
121.5400156 25.17347208
121.5400197 25.17347825
121.5400254 25.17348255
121.5400287 25.17348696
121.5400329 25.17349133
121.5400389 25.17349755
121.5400461 25.17350283
121.5400501 25.17350467
121.5400533 25.17350851
121.5400587 25.17351205
121.5400615 25.1735158
121.5400687 25.1735201
121.5400732 25.17352455
121.5400784 25.17352705
121.5400827 25.17353228
121.5400868 25.17353654
121.5400911 25.17353998
121.5400983 25.17354497
121.5401017 25.17354701
121.5401075 25.17355317
121.5401106 25.1735584
121.5401156 25.17356241
121.5401203 25.17356595
121.5401242 25.17356988
121.5401307 25.17357249
121.5401367 25.1735776
121.5401397 25.17357969
121.5401463 25.17358493
121.5401517 25.17358775
121.5401558 25.17359108
121.5401605 25.17359754
121.5401647 25.17360286
121.5401698 25.17360833
121.5401758 25.17361129
121.5401822 25.17361457
121.5401857 25.17361934
121.5401908 25.17362523
121.5401951 25.17362872
121.5401979 25.17363234
121.5402012 25.17363603
121.5402052 25.17363811
121.540211 25.17364186
121.5402177 25.17364678
121.5402225 25.17365106
121.5402291 25.17365397
121.5402331 25.17365933
121.5402366 25.17366432
121.5402417 25.17366891
121.5402487 25.17367239
121.540254 25.17367651
121.5402582 25.17367897
121.540263 25.17368302
121.5402685 25.17368881
121.5402753 25.17369097
121.5402795 25.1736956
121.5402823 25.17369838
121.540287 25.17370401
121.5402924 25.17370902
121.5402984 25.17371359
121.5403051 25.17371811
121.5403084 25.17372347
121.5403117 25.17372785
121.5403178 25.17373314
121.5403244 25.17373945
121.5403297 25.17374431
121.5403354 25.17375017
121.5403423 25.17375332
121.5403448 25.17375767
121.5403517 25.17376002
121.5403552 25.17376391
121.5403623 25.17376705
121.5403672 25.17377205
121.540371 25.17377704
121.5403769 25.1737826
121.5403821 25.1737864
121.5403884 25.17379173
121.5403946 25.17379419
121.5404003 25.17379847
121.5404057 25.17380137
121.5404109 25.17380361
121.5404148 25.17380832
121.5404196 25.17381452
121.5404251 25.17381827
121.540429 25.17382263
121.5404355 25.17382796
121.54044 25.17383111
121.5404467 25.17383622
121.5404504 25.17384021
121.5404578 25.17384682
121.5404608 25.17385102
121.5404654 25.1738536
121.5404721 25.17385991
121.5404791 25.17386293
121.5404831 25.17386957
121.5404882 25.17387567
121.5404933 25.17388148
121.5404997 25.17388361
121.5405065 25.17389018
121.5405119 25.17389346
121.5405162 25.17389953
121.5405231 25.17390209
121.5405278 25.17390762
121.5405311 25.17391329
121.5405352 25.17391545
121.5405422 25.17392133
121.540546 25.17392619
121.5405499 25.17392843
121.5405568 25.17393326
121.5405627 25.17393856
121.5405685 25.17394114
121.5405753 25.1739452
121.5405813 25.17395059
121.5405859 25.17395478
121.5405928 25.17396047
121.5405985 25.17396673
121.5406019 25.17397256
121.540605 25.17397824
121.5406113 25.17398352
121.5406173 25.17398624
121.5406225 25.17399205
121.5406283 25.17399576
121.5406316 25.17399819
121.5406365 25.17400129
121.5406438 25.17400668
121.5406488 25.17401336
121.540655 25.17401683
121.5406608 25.17402219
121.5406643 25.17402579
121.540671 25.17403251
121.5406756 25.17403548
121.540681 25.17403992
121.5406851 25.17404529
121.5406892 25.17405156
121.5406969 25.17405579
121.5407048 25.17406115
121.5407106 25.17406704
121.5407139 25.17406958
121.5407208 25.17407679
121.5407261 25.17408151
121.5407318 25.17408789
121.5407389 25.17409121
121.5407437 25.17409698
121.5407496 25.17409987
121.5407533 25.17410385
121.5407584 25.17410654
121.5407626 25.17411253
121.5407698 25.17411765
121.5407738 25.17411973
121.5407815 25.1741227
121.5407863 25.17412855
121.5407896 25.17413153
121.5407968 25.17413405
121.5408032 25.17413768
121.5408066 25.17414331
121.5408093 25.17414662
121.5408157 25.1741521
121.5408188 25.1741561
121.540826 25.17415982
121.5408316 25.17416379
121.5408374 25.17416706
121.5408407 25.17417422
121.5408442 25.17417776
121.5408509 25.17418328
121.540856 25.17418675
121.5408618 25.17419341
121.5408668 25.174196
121.5408719 25.17420193
121.5408752 25.17420546
121.540882 25.17421063
121.5408875 25.17421447
121.5408917 25.17421781
121.540896 25.17422333
121.5409004 25.17422653
121.5409067 25.17423101
121.5409102 25.1742332
121.5409134 25.17423676
121.5409195 25.17424122
121.540925 25.17424763
121.5409285 25.17425386
121.5409349 25.17425817
121.5409376 25.17426371
121.5409413 25.17426707
121.5409451 25.17427237
121.5409497 25.17427367
121.5409562 25.17427608
121.5409622 25.17427919
121.5409678 25.17428203
121.5409729 25.17428624
121.540977 25.17429174
121.5409806 25.17429476
121.5409844 25.1742989
121.5409881 25.17430159
121.5409921 25.17430436
121.5409981 25.17430928
121.5410027 25.17431515
121.5410097 25.17431915
121.5410149 25.17432215
121.541019 25.17432461
121.5410236 25.17432815
121.5410293 25.17433108
121.5410355 25.17433635
121.5410412 25.17433878
121.5410471 25.17434119
121.5410502 25.17434519
121.5410534 25.17434866
121.5410563 25.1743524
121.5410609 25.17435738
121.5410635 25.17436139
121.5410704 25.17436522
121.5410759 25.1743713
121.5410785 25.17437457
121.5410815 25.17438053
121.5410857 25.1743835
121.5410915 25.17438838
121.5410946 25.1743927
121.541099 25.17439759
121.5411016 25.17440287
121.5411083 25.17440606
121.5411111 25.17441047
121.5411152 25.17441516
121.5411198 25.17441715
121.5411257 25.17442046
121.541129 25.17442267
