121.5398345 25.17289624
121.5398374 25.17289777
121.5398513 25.17289995
121.5398447 25.17289611
121.5398463 25.17291212
121.5398394 25.17290847
121.5398355 25.17290519
121.5398495 25.17290421
121.5398495 25.17289933
121.5398552 25.17291158
121.5398429 25.17289581
121.5398459 25.17289394
121.5398529 25.17290899
121.5398352 25.17290692
121.5398356 25.17289181
121.5398462 25.17290803
121.5398493 25.17289395
121.5398346 25.1729113
121.5398429 25.17290596
121.5398359 25.1728991
121.5398437 25.17289991
121.5398497 25.17289619
121.5398475 25.17289877
121.5398551 25.1728918
121.5398532 25.17291173
121.5398461 25.17290886
121.5398364 25.17290015
121.5398488 25.17290748
121.5398435 25.17290974
121.5398499 25.17291077
121.5398545 25.17289414
121.5398512 25.17289889
121.5398401 25.17291219
121.5398353 25.17289931
121.5398506 25.17289908
121.5398415 25.17289297
121.5398482 25.17290389
121.539851 25.17290843
121.5398562 25.17290994
121.5398423 25.17290214
121.5398397 25.17290934
121.539856 25.17290546
121.5398502 25.17290085
121.5398513 25.17289911
121.5398486 25.17289871
121.5398349 25.17289651
121.5398465 25.17291003
121.5398601 25.17291018
121.5398454 25.17291202
121.5398482 25.17289804
121.5398542 25.17291068
121.5398595 25.17290892
121.5398555 25.17291825
121.5398581 25.172925
121.5398618 25.17291443
121.5398613 25.17292414
121.5398704 25.17291515
121.5398816 25.1729224
121.5398841 25.17291902
121.5398687 25.17292468
121.5398899 25.17292371
121.5398847 25.17292852
121.5398863 25.17294172
121.5398847 25.17292907
121.5399022 25.17293991
121.539894 25.17295348
121.5398917 25.17293966
121.5398917 25.17294209
121.5399138 25.17295536
121.5398975 25.17294467
121.5399099 25.17296444
121.5399106 25.17295183
121.5399129 25.172955
121.5399288 25.17297166
121.5399237 25.17297758
121.5399259 25.17296085
121.53994 25.17296404
121.5399235 25.17298406
121.5399428 25.17297162
121.5399469 25.17298975
121.5399518 25.17298001
121.5399399 25.17298699
121.539941 25.17299451
121.5399597 25.17299885
121.5399672 25.17298863
121.5399657 25.1730126
121.5399715 25.17301188
121.5399759 25.17300676
121.5399856 25.17300143
121.5399868 25.17300614
121.539976 25.17302855
121.5399824 25.17303043
121.5399873 25.17302946
121.5399948 25.17303641
121.5400004 25.17302649
121.5400102 25.17304053
121.5400045 25.17304111
121.5400179 25.17303626
121.540009 25.1730397
121.5400188 25.17304028
121.5400234 25.17305186
121.5400259 25.17305434
121.5400258 25.17306944
121.5400285 25.17305327
121.5400317 25.17306764
121.5400451 25.17306787
121.5400542 25.17308214
121.5400416 25.17308476
121.5400569 25.17308422
121.5400604 25.17308169
121.5400767 25.17309356
121.5400741 25.17309617
121.5400741 25.17309953
121.5400857 25.17309459
121.540084 25.1730929
121.5400935 25.17311807
121.5400824 25.17310446
121.5400877 25.17311773
121.5401031 25.1731194
121.5400949 25.17311937
121.5400982 25.17311723
121.5401088 25.17313028
121.5401051 25.17312512
121.5401184 25.17313864
121.5401142 25.17314155
121.5401339 25.17314411
121.5401434 25.17315679
121.5401333 25.17314335
121.5401364 25.17315346
121.5401439 25.17315144
121.5401611 25.17315979
121.5401615 25.17317666
121.5401547 25.17318198
121.5401709 25.17318402
121.5401691 25.17319107
121.540174 25.17319155
121.5401812 25.17319532
121.5401781 25.17320028
121.5401926 25.17319563
121.5402034 25.17320441
121.5402024 25.17320967
121.5402153 25.17321634
121.5402111 25.17321272
121.5402074 25.17321084
121.5402305 25.17321963
121.5402227 25.17323529
121.5402217 25.17322926
121.540237 25.17323242
121.5402352 25.1732398
121.5402454 25.17323755
121.5402499 25.17325674
121.5402664 25.1732632
121.5402529 25.17324853
121.5402594 25.17326001
121.5402672 25.17326934
121.5402797 25.17326469
121.5402735 25.173272
121.5402903 25.17328355
121.5402946 25.17327208
121.5403074 25.17328551
121.5402977 25.17328518
121.5403079 25.17330332
121.5403108 25.17329555
121.5403129 25.17331055
121.5403139 25.17330787
121.5403385 25.17332073
121.5403333 25.17332378
121.5403322 25.17332513
121.5403546 25.17333017
121.5403481 25.17333837
121.5403471 25.17332521
121.5403693 25.17334389
121.540357 25.17334215
121.5403639 25.17334958
121.5403672 25.17335448
121.5403787 25.17335987
121.5403815 25.17335961
121.5403843 25.17337611
121.5404039 25.17336462
121.5404019 25.17337486
121.5404049 25.1733791
121.5404151 25.17339605
121.5404258 25.1733807
121.5404333 25.17339401
121.5404323 25.17340501
121.5404277 25.17339885
121.540443 25.17341791
121.5404531 25.17342304
121.5404441 25.17342771
121.540463 25.17342635
121.5404593 25.17342184
121.5404647 25.17343558
121.5404719 25.17342651
121.5404818 25.17343985
121.5404854 25.17344269
121.5404842 25.17344066
121.5405 25.17344382
121.540498 25.17345648
121.5404988 25.1734593
121.5405114 25.17346791
121.5405134 25.17346901
121.5405185 25.17348153
121.5405295 25.17348131
121.5405347 25.17348167
121.5405372 25.17347664
121.5405294 25.17347979
121.5405397 25.17349309
121.5405445 25.17349128
121.5405401 25.17350262
121.5405518 25.17350132
121.5405601 25.17351307
121.5405718 25.17350437
121.5405669 25.17352556
121.540578 25.17353023
121.5405859 25.17352225
121.5405877 25.17352246
121.5405943 25.17353979
121.540597 25.17354201
121.5406025 25.17354028
121.5405932 25.17355089
121.540615 25.17355229
121.5406118 25.1735549
121.5406151 25.1735616
121.5406113 25.17357285
121.5406303 25.17356997
121.5406302 25.17356614
121.5406388 25.17356556
121.5406442 25.17358268
121.5406384 25.17358056
121.540659 25.1735775
121.540665 25.17358693
121.5406682 25.17359891
121.5406653 25.1735988
121.540661 25.17360604
121.5406727 25.17361375
121.5406906 25.17361075
121.5406782 25.17361467
121.540688 25.17361894
121.54069 25.17361676
121.5407001 25.17363249
121.5407132 25.17363322
121.5407085 25.1736306
121.5407142 25.17363972
121.5407262 25.17365145
121.5407215 25.17365303
121.5407232 25.17366429
121.5407456 25.173661
121.5407321 25.17367478
121.5407476 25.1736588
121.5407524 25.17367223
121.5407438 25.17366847
121.5407488 25.17369212
121.540771 25.17368663
121.5407751 25.17369422
121.540771 25.17368593
121.5407782 25.17369807
121.5407887 25.17369279
121.5407933 25.17370539
121.5407877 25.17372002
121.5408078 25.1737144
121.5408097 25.17372782
121.5408173 25.17373502
121.540806 25.17372934
121.5408103 25.17372398
121.5408302 25.17374392
121.5408324 25.17373377
121.5408282 25.17374865
121.5408331 25.1737528
121.540834 25.17376281
121.5408457 25.17375547
121.5408629 25.17375301
121.5408694 25.17375818
121.5408622 25.17376574
121.5408644 25.17378532
121.5408789 25.1737812
121.5408744 25.17379059
121.5408904 25.17377732
121.5408956 25.17380084
121.5408926 25.1738055
121.5408947 25.17379905
121.5408977 25.17379937
121.5408986 25.17380746
121.5409077 25.17381107
121.5409303 25.1738256
121.5409191 25.17381518
121.5409368 25.17382352
121.5409267 25.17383611
121.5409373 25.17384137
121.5409468 25.17384265
121.5409425 25.17384794
121.540962 25.17385136
121.5409521 25.17384757
121.5409755 25.17384867
121.5409644 25.17386443
121.540969 25.17387394
121.5409707 25.17386113
121.5409784 25.1738618
121.5409926 25.17386998
121.5409991 25.17387437
121.5410063 25.17387908
121.5410092 25.17389396
121.5410154 25.17389829
121.5410185 25.17389914
121.5410226 25.17389895
121.5410148 25.17390641
121.5410319 25.17390743
121.5410286 25.17390679
121.5410357 25.17392833
121.5410491 25.17392279
121.5410438 25.17392259
121.5410601 25.17393562
121.5410604 25.17394622
121.5410657 25.17394893
121.5410711 25.17394818
121.5410702 25.17394207
121.541084 25.17394584
121.5410764 25.17394647
121.5410838 25.17395592
121.5410934 25.17395666
121.5411068 25.1739664
121.5411107 25.1739749
121.5411097 25.1739878
121.5411185 25.17397602
121.5411143 25.1739751
121.541115 25.1739792
121.5411285 25.17400233
121.5411284 25.17400637
121.5411394 25.174011
121.5411448 25.17400838
121.5411451 25.17400209
121.541146 25.17401305
121.5411529 25.17402391
121.5411577 25.17403055
121.5411635 25.17402644
121.5411688 25.17402955
121.5411719 25.17403204
121.5411738 25.17404209
121.541174 25.17403654
121.5411847 25.17403684
121.5411888 25.1740506
121.5412007 25.17404923
121.5412052 25.17406304
121.5412061 25.17406979
121.5412152 25.17405191
121.5412194 25.17406236
121.5412289 25.17406942
121.5412226 25.17408291
121.5412394 25.17408765
121.5412278 25.17407616
121.5412352 25.17409054
121.5412406 25.17409637
121.5412492 25.17409184
121.5412474 25.17410181
121.5412563 25.17409852
121.5412689 25.17410474
121.5412551 25.17410884
121.5412708 25.17410267
121.5412677 25.17411325
121.5412763 25.17412515
121.5412804 25.17411773
121.5412914 25.17412233
121.5412775 25.17412316
121.5412875 25.17413935
121.5412996 25.17413958
121.5413017 25.17414363
121.541314 25.17414018
121.5413057 25.17414135
121.5413234 25.17414405
121.5413113 25.17415345
121.5413284 25.17415844
121.5413289 25.17415366
121.5413282 25.17417421
121.5413399 25.17416611
121.5413263 25.17416104
121.5413333 25.17416747
121.5413487 25.17417965
121.5413524 25.17419243
121.5413521 25.17417905
121.541357 25.17418505
121.5413638 25.17418775
121.5413723 25.17419222
121.541369 25.17419153
121.5413631 25.17419862
121.5413764 25.17420312
121.5413665 25.17421268
121.5413657 25.17421576
121.5413796 25.17420717
121.5413724 25.17421701
121.5413768 25.17421536
121.5413957 25.17422961
121.5413952 25.17423231
121.5413966 25.17423175
121.5413915 25.17423475
121.5413837 25.17424288
121.541398 25.17425178
121.5413981 25.17424722
121.5413899 25.17424586
121.5414011 25.17426954
121.5413986 25.17425438
121.5413954 25.17426018
121.5414 25.17427825
121.5414058 25.17426851
121.5414068 25.17426814
121.5414083 25.17429009
121.5414045 25.17427617
121.5413986 25.17427628
121.5414101 25.17430028
121.5413998 25.17429968
121.5414065 25.17429072
121.5413974 25.17429134
121.5413898 25.17429787
121.5413908 25.17430545
121.5413991 25.17430417
121.5414034 25.17430813
121.5413899 25.17431685
121.541384 25.17432925
121.5413836 25.17432999
121.5413841 25.17432874
121.541395 25.17432879
121.5413831 25.17433636
121.5413759 25.1743419
121.5413834 25.17434313
121.5413809 25.17434343
121.5413808 25.17433425
121.5413768 25.1743535
121.5413678 25.17433919
121.5413681 25.1743436
121.5413775 25.17434359
121.5413729 25.17435544
121.5413672 25.17436228
121.5413665 25.17435842
121.5413572 25.17435255
121.541348 25.17435837
121.5413651 25.17435511
121.5413518 25.17434762
121.5413366 25.1743501
121.5413521 25.17436557
121.54133 25.17435753
121.5413341 25.17436693
121.5413332 25.17436512
121.5413313 25.17435116
121.541331 25.1743579
121.5413258 25.17436468
121.5413192 25.17435424
121.5413041 25.17435941
121.5413001 25.17434009
121.541317 25.17434219
121.5412947 25.17435717
121.5412943 25.17435066
121.5412962 25.17435116
121.5412921 25.17433034
121.5412772 25.17433951
121.5412828 25.17433414
121.5412876 25.17434493
121.5412701 25.17432503
121.5412768 25.17432306
121.5412758 25.17432861
121.5412559 25.17433259
121.5412517 25.1743221
121.541252 25.17430969
121.5412566 25.17432203
121.5412544 25.17431884
121.5412358 25.17431439
121.5412428 25.17429664
121.5412372 25.174312
121.541228 25.17429078
121.5412198 25.1743081
121.5412229 25.17428794
121.5412067 25.17428978
121.5412048 25.17429069
121.5411988 25.17428894
121.5412032 25.17428874
121.541187 25.17427958
121.5411866 25.17428102
121.5411917 25.17426092
121.5411822 25.17426984
121.5411722 25.17425617
121.5411816 25.17425698
121.5411705 25.17426295
121.5411753 25.17425403
121.5411552 25.17424364
121.5411699 25.17423495
121.5411448 25.17424756
121.5411407 25.17422746
121.541146 25.17423136
121.5411478 25.17422375
121.5411472 25.17421768
121.5411267 25.1742254
121.5411248 25.17420885
121.5411294 25.17421437
121.5411189 25.17420333
121.5411198 25.17420323
121.5411136 25.17419781
121.5411094 25.17419737
121.5411066 25.17419477
121.5410856 25.17417588
121.5410855 25.17418967
121.5410808 25.17417597
121.541084 25.17417577
121.5410799 25.17418006
121.5410747 25.17417122
121.5410647 25.17416833
121.541057 25.17416376
121.5410521 25.17415212
121.5410567 25.17414706
121.5410411 25.17413941
121.5410492 25.17414542
121.5410315 25.17413031
121.5410243 25.17413622
121.5410332 25.17412647
121.5410165 25.17411952
121.5410294 25.17411734
121.5410142 25.17411231
121.5410103 25.17411483
121.5410144 25.17411868
121.5409883 25.17410925
121.5409965 25.17410792
121.5409945 25.17408424
121.5409848 25.1741013
121.5409696 25.17407619
121.5409735 25.17408008
121.5409704 25.17407048
121.5409713 25.17408037
121.5409498 25.17405789
121.5409511 25.17406507
121.5409606 25.17406997
121.5409446 25.17404782
121.5409368 25.17405346
121.5409334 25.17403805
121.5409352 25.17404462
121.5409187 25.17403682
121.5409128 25.17403457
121.5409124 25.17402844
121.5409199 25.17402456
121.5409153 25.17402369
121.5408949 25.17402807
121.5408857 25.17401835
121.5408818 25.17401164
121.5408858 25.1739946
121.5408727 25.17399615
121.5408757 25.17399421
121.5408615 25.1739979
121.5408728 25.17398962
121.5408575 25.17398511
121.5408537 25.17397457
121.5408465 25.17396685
121.54085 25.17396357
121.5408421 25.17396351
121.5408433 25.17396909
121.5408357 25.17395275
121.5408324 25.17394677
121.5408242 25.17394787
121.5408123 25.17394878
121.5408194 25.1739418
121.540807 25.17392738
121.540796 25.17393082
121.540795 25.17392445
121.540788 25.17391396
121.5407819 25.17391838
121.540773 25.17390565
121.5407644 25.17390315
121.5407669 25.17390388
121.5407632 25.17389759
121.5407532 25.1739072
121.5407443 25.17390068
121.5407417 25.17388429
121.5407497 25.17388185
121.5407385 25.17388577
121.5407359 25.17388487
121.5407352 25.17386547
121.5407164 25.17386725
121.540721 25.17386165
121.5407086 25.17385044
121.5407012 25.1738499
121.5406919 25.17384753
121.540694 25.17384677
121.5406837 25.17382795
121.540691 25.17382636
121.5406788 25.17382086
121.5406629 25.17382109
121.5406633 25.17381626
121.540667 25.17380945
121.5406562 25.17380265
121.5406452 25.17381326
121.5406571 25.17379517
121.5406334 25.17380506
121.5406427 25.17379827
121.54064 25.17379684
121.5406175 25.17377654
121.5406218 25.17377269
121.5406046 25.17377404
121.5406047 25.17377278
121.5405982 25.17376382
121.5405977 25.17375866
121.5405994 25.17375124
121.5405907 25.17375477
121.5405858 25.1737427
121.5405717 25.17372927
121.5405765 25.17374442
121.540566 25.17373969
121.5405473 25.17372619
121.5405418 25.17373105
121.5405387 25.17371296
121.5405468 25.17371253
121.5405256 25.17371257
121.5405301 25.1736989
121.5405337 25.17368604
121.5405124 25.17369238
121.5405064 25.17367841
121.5404983 25.17368347
121.5405062 25.17368756
121.5405004 25.17367609
121.5404901 25.17366073
121.5404793 25.17366384
121.5404838 25.17366503
121.5404704 25.17364837
121.5404608 25.17364384
121.540456 25.17365395
121.5404549 25.17364929
121.5404493 25.17363492
121.5404524 25.17362453
121.5404494 25.1736239
121.540432 25.17360932
121.5404169 25.1736201
121.5404222 25.17361248
121.5404029 25.17360335
121.5404161 25.1735923
121.5404063 25.17358684
121.5404059 25.17358121
121.5403894 25.173579
121.5403816 25.17357233
121.5403818 25.1735803
121.5403739 25.17357723
121.5403647 25.17356797
121.5403746 25.17354999
121.5403693 25.17354747
121.5403608 25.17354442
121.5403583 25.17355333
121.540337 25.17354045
121.5403276 25.17353262
121.5403406 25.17353821
121.5403267 25.17352133
121.5403171 25.17352215
121.5403214 25.17352115
121.5403072 25.17351823
121.5403071 25.17351498
121.5402951 25.17350707
121.5402899 25.17350107
121.5402746 25.1734939
121.5402862 25.17349231
121.5402775 25.17348263
121.5402566 25.17348003
121.5402483 25.17346672
121.5402491 25.17346592
121.5402379 25.17345733
121.5402287 25.17345843
121.5402352 25.17344871
121.5402183 25.17344846
121.5402244 25.17344627
121.5402247 25.17343463
121.5402114 25.17342389
121.540209 25.1734254
121.5402046 25.17341785
121.5401973 25.1734221
121.5401764 25.17340668
121.5401743 25.17339793
121.5401791 25.17339742
121.5401656 25.17338166
121.5401536 25.17339123
121.5401493 25.17337373
121.5401608 25.17337919
121.5401391 25.17337608
121.5401366 25.17337089
121.5401354 25.17336757
121.5401203 25.17336046
121.5401109 25.17336254
121.5401197 25.17334195
121.5401155 25.17334807
121.5401085 25.17332581
121.5400877 25.17332215
121.5400932 25.17331654
121.5400949 25.17333077
121.5400891 25.17330996
121.5400713 25.17331649
121.540067 25.17329965
121.5400684 25.17329545
121.5400644 25.17330043
121.5400511 25.173285
121.5400479 25.17328382
121.5400374 25.17328854
121.540031 25.17328378
121.5400176 25.17327766
121.5400298 25.17325842
121.5400122 25.17326199
121.5400025 25.17325801
121.5400019 25.17324777
121.5399998 25.17324291
121.5399933 25.17323197
121.5399747 25.17323366
121.5399782 25.17323682
121.5399738 25.17323038
121.5399691 25.17322814
121.5399595 25.17322341
121.5399544 25.1732167
121.539949 25.17319454
121.5399398 25.17319209
121.5399275 25.17319001
121.5399288 25.17319244
121.5399279 25.17318743
121.5399066 25.1731825
121.5399011 25.17317037
121.5399055 25.17316414
121.5398952 25.17316393
121.539883 25.17315918
121.5398818 25.17315624
121.5398701 25.17315111
121.5398733 25.1731362
121.5398713 25.17314244
121.5398665 25.17312406
121.5398608 25.17311744
121.5398621 25.17312714
121.5398526 25.17312663
121.5398412 25.17310134
121.5398355 25.17310485
121.5398336 25.17310915
121.5398291 25.17309972
121.5398171 25.17310175
121.5398138 25.17308583
121.5398095 25.17309337
121.5398095 25.17308566
121.5398005 25.17307189
121.5397907 25.17306573
121.539793 25.17307446
121.539781 25.17305271
121.5397858 25.17305299
121.5397784 25.17304664
121.539783 25.17306004
121.5397633 25.17303831
121.539763 25.17305506
121.5397647 25.17305018
121.5397647 25.1730479
121.5397637 25.17303671
121.5397545 25.17303903
121.5397545 25.17304214
121.5397441 25.17302635
121.5397338 25.17301917
121.539728 25.17302069
121.5397408 25.17301102
121.5397225 25.17301416
121.5397275 25.1730058
121.5397091 25.17300578
121.5397259 25.17300752
121.5397072 25.17301495
121.5397143 25.17301377
121.5396994 25.17301416
121.5397113 25.17300924
121.5396974 25.17299864
121.5396847 25.17300612
121.5396873 25.17300252
121.5396906 25.17299533
121.5396806 25.17299322
121.5396695 25.1729962
121.5396801 25.17299574
121.5396625 25.17299606
121.5396663 25.17300276
121.5396603 25.17299699
121.5396558 25.17298063
121.5396626 25.17299457
121.5396507 25.1729827
121.5396472 25.17300014
121.5396379 25.17299586
121.5396463 25.17298868
121.5396413 25.17298764
121.5396321 25.17299337
121.5396273 25.17299965
121.5396436 25.17299158
121.5396389 25.17299008
121.5396282 25.17300418
121.539623 25.17300348
121.5396298 25.17300725
121.5396132 25.17299554
121.539611 25.17301575
121.5396066 25.17300322
121.5396069 25.17300522
121.5396123 25.17301938
121.5396086 25.17302353
121.5396183 25.17303035
121.5396067 25.17302732
121.5396051 25.17303103
121.5396095 25.17302238
121.5396009 25.1730263
121.5395939 25.17302467
121.5396102 25.17304658
121.5396117 25.17304864
121.5396118 25.17304032
121.5396114 25.17304807
121.5396085 25.17304872
121.5395955 25.17306182
121.5396048 25.1730695
121.5395927 25.17305587
121.5396106 25.17307286
121.5396064 25.17307873
121.5396138 25.17307751
121.5396023 25.1730743
121.539617 25.1730921
121.5396122 25.17308061
121.5396097 25.17309417
121.5396205 25.17310177
121.5396163 25.1730966
121.5396277 25.17311308
121.5396186 25.17311294
121.5396233 25.17310689
121.5396297 25.17311608
121.5396356 25.17312246
121.5396264 25.17313332
121.5396258 25.17313149
121.5396413 25.17313935
121.5396442 25.17314839
121.539651 25.17313705
121.539636 25.17315562
121.5396538 25.1731436
121.5396611 25.17315036
121.5396533 25.1731603
121.5396508 25.17317219
121.5396582 25.17316641
121.5396657 25.17316886
121.5396624 25.17318312
121.5396791 25.17318509
121.5396807 25.1731777
121.5396901 25.17319309
121.5396954 25.17319399
121.539699 25.17320345
121.5397001 25.17320632
121.53971 25.17319985
121.5397136 25.17319841
121.5397102 25.17321169
121.5397039 25.17321298
121.539714 25.17321268
121.5397182 25.17322476
121.53973 25.17323445
121.5397216 25.17322178
121.5397248 25.17322345
121.5397307 25.17322947
121.5397425 25.17324586
121.5397522 25.1732502
121.5397461 25.17324477
121.539754 25.17325909
121.5397721 25.17325731
121.5397688 25.17324865
121.5397744 25.17326852
121.5397838 25.17326636
121.5397767 25.17328162
121.5397921 25.17327169
121.5397956 25.17328408
121.5397923 25.17327571
121.5397885 25.17329505
121.5398028 25.17328639
121.5398071 25.17329865
121.539811 25.17329103
121.5398169 25.17329784
121.539827 25.17331569
121.5398359 25.17330006
121.5398267 25.17331691
121.5398278 25.17332876
121.5398318 25.17333039
121.5398359 25.17332854
121.5398605 25.17332473
121.5398532 25.1733247
121.5398541 25.17334099
121.539875 25.17334637
121.5398768 25.17333958
121.5398674 25.17334169
121.5398707 25.17335104
121.5398769 25.173361
121.5398847 25.17336053
121.5398949 25.17336163
121.5398966 25.17336177
121.5399045 25.17338184
121.5399059 25.17337058
121.5399097 25.17337919
121.5399148 25.17339429
121.5399243 25.17338951
121.5399252 25.17339204
121.5399245 25.17339744
121.5399431 25.17341719
121.5399528 25.17341152
121.5399509 25.17341723
121.5399495 25.17341407
121.5399642 25.1734139
121.5399683 25.17342591
121.5399724 25.17343111
121.5399685 25.17343903
121.5399652 25.17344291
121.5399781 25.1734476
121.5399888 25.17344601
121.5399967 25.17345882
121.539999 25.1734481
121.5400071 25.17345582
121.5400026 25.17345293
121.5400075 25.17346717
121.5400129 25.17347931
121.5400164 25.17348625
121.5400292 25.17348222
121.5400227 25.17348706
121.5400308 25.17349129
121.5400444 25.17350503
121.5400561 25.17350581
121.5400457 25.17349337
121.5400465 25.17350634
121.5400615 25.17350891
121.540053 25.17351377
121.5400792 25.17352052
121.540072 25.17352551
121.5400798 25.17352
121.5400804 25.17353698
121.5400841 25.17353691
121.5400894 25.17353693
121.5401084 25.17354854
121.5400952 25.1735382
121.5401116 25.17356196
121.5401033 25.17356262
121.5401171 25.17356125
121.54012 25.17356302
121.5401206 25.17356874
121.5401386 25.17356609
121.5401414 25.173582
121.5401315 25.17357139
121.5401541 25.17359022
121.5401535 25.17358268
121.5401521 25.17358852
121.5401597 25.17360803
121.540162 25.17360774
121.5401712 25.17361334
121.5401805 25.17360563
121.540188 25.17361072
121.5401791 25.17362193
121.5401917 25.17363218
121.5401922 25.17362518
121.5401897 25.17362973
121.5401954 25.17363387
121.540203 25.17362962
121.5402158 25.17364093
121.5402264 25.17365077
121.5402223 25.17365202
121.5402364 25.17364927
121.540229 25.17366506
121.5402311 25.173668
121.5402428 25.17367066
121.5402579 25.17366938
121.540255 25.17367642
121.5402548 25.17367212
121.5402626 25.17368328
121.5402708 25.17369615
121.5402827 25.17368283
121.5402754 25.1736983
121.5402731 25.17369326
121.5402865 25.173711
121.5402946 25.17371285
121.5403029 25.17371522
121.5403119 25.17371946
121.5403008 25.1737281
121.5403052 25.17372805
121.5403226 25.17373702
121.5403313 25.17374716
121.5403307 25.17374542
121.5403375 25.17375521
121.5403497 25.17374686
121.5403332 25.17375671
121.5403592 25.17375101
121.5403481 25.17376198
121.5403704 25.17376223
121.5403657 25.17377523
121.5403652 25.17377993
121.5403801 25.17378754
121.5403822 25.17378374
121.5403932 25.17379553
121.5403981 25.17378591
121.5404018 25.17379841
121.5404058 25.17379568
121.5404101 25.17379573
121.5404086 25.17381121
121.5404179 25.17382328
121.5404264 25.17381619
121.5404236 25.17382324
121.5404411 25.17383249
121.540437 25.17382633
121.5404529 25.17383985
121.5404439 25.17383897
121.540467 25.17385638
121.5404513 25.17384983
121.5404631 25.17384594
121.5404783 25.1738682
121.5404863 25.173857
121.5404777 25.17387897
121.5404873 25.17388197
121.5404929 25.17388604
121.5405045 25.17387275
121.5405124 25.17389844
121.5405116 25.17388754
121.540511 25.17390549
121.5405296 25.17389325
121.5405246 25.17391168
121.5405222 25.17391752
121.5405304 25.17390501
121.54055 25.17392698
121.5405398 25.17392721
121.5405445 25.17391865
121.5405648 25.17393495
121.5405652 25.17394196
121.5405709 25.17393318
121.540581 25.17394398
121.5405833 25.17395494
121.5405826 25.17395383
121.5405985 25.17396569
121.5405992 25.17397382
121.540593 25.17397728
121.5405956 25.17398189
121.5406159 25.17398521
121.5406203 25.17397734
121.540622 25.17399654
121.5406301 25.17399133
121.5406232 25.17398887
121.5406356 25.17399562
121.5406526 25.1740108
121.5406471 25.17402244
121.5406589 25.17401195
121.5406624 25.17402544
121.5406561 25.17402161
121.5406772 25.17404139
121.5406722 25.17402829
121.5406811 25.17403936
121.5406805 25.1740486
121.5406844 25.17405825
121.5407075 25.17405349
121.540715 25.17406374
121.5407115 25.17407151
121.5407045 25.17405999
121.5407271 25.17408712
121.5407253 25.17408077
121.5407325 25.17409393
121.5407451 25.17408429
121.5407401 25.17410063
121.5407512 25.17409146
121.5407453 25.17410065
121.5407569 25.17409834
121.5407575 25.17411859
121.5407777 25.17411956
121.5407675 25.17410908
121.5407914 25.17411668
121.5407834 25.17413478
121.5407804 25.17412554
121.5408045 25.17412671
121.5408071 25.17413549
121.540798 25.17414951
121.5407984 25.17414283
121.5408211 25.17415747
121.5408098 25.17415492
121.540835 25.17415761
121.540833 25.17416285
121.5408397 25.17416328
121.5408325 25.1741867
121.5408374 25.17417432
121.5408579 25.17418825
121.5408559 25.17418287
121.5408645 25.17420295
121.5408662 25.17418803
121.5408716 25.17420833
121.5408676 25.17420148
121.5408892 25.17421366
121.5408891 25.17421187
121.5408875 25.17421336
121.5408928 25.17422818
121.5408977 25.17422147
121.5409122 25.17423165
121.5409039 25.17422444
121.5409063 25.17423438
121.5409246 25.17424276
121.5409276 25.17425696
121.5409224 25.17426158
121.5409416 25.17425738
121.5409281 25.17426799
121.5409371 25.17426208
121.5409412 25.17427577
121.5409498 25.17426041
121.5409639 25.17426857
121.5409674 25.17427521
121.540971 25.17427734
121.5409735 25.17428752
121.5409732 25.17429819
121.5409756 25.17429053
121.5409807 25.1742996
121.5409839 25.17429628
121.5409897 25.17429989
121.541004 25.17431401
121.5410027 25.17432328
121.5410189 25.17431895
121.5410166 25.17431789
121.5410158 25.1743185
121.5410224 25.17432703
121.5410332 25.17432756
121.5410407 25.17434268
121.5410442 25.17433298
121.5410501 25.17433584
121.541042 25.17434677
121.5410461 25.17434798
121.5410486 25.17435288
121.5410611 25.17436285
121.5410552 25.17436242
121.5410804 25.17436542
121.5410794 25.17438068
121.5410698 25.17437157
121.5410751 25.17438885
121.541085 25.17437884
121.5410971 25.17439194
121.5410889 25.17439363
121.5410989 25.17440076
121.5410943 25.17440738
121.5411183 25.17440158
121.5411043 25.17441141
121.5411143 25.17441718
121.5411212 25.17440792
121.5411321 25.17441748
121.5411244 25.17441544
